Time : 2023-03-21-07-27-20
/proc/touchpanel/debug_info/main_register
es_enable:0
touch_count:0
/proc/touchpanel/debug_info/self_delta
Not support self_delta proc node
/proc/touchpanel/debug_info/delta
diff_data:
[ 0]  -18,  -10,   -5,   -7,    1,   -4,  -10,   -8,    0,   -7,    6,    0,   -2,    1,    4,    0,   -4,   -2,
[ 1]  -18,   -7,  -10,    0,    0,   -4,   -4,   -8,   -8,   -7,   -5,    6,    3,    1,    6,    4,    0,    6,
[ 2]  -10,   -5,    3,   -2,   -5,  -13,    0,    4,   -7,   -5,   -2,   -5,    3,   -7,   -5,    3,    4,   -2,
[ 3]  -19,   -2,   -5,   -7,    1,    1,   -5,    0,    7,   -2,   -2,   -2,   13,    3,  -13,    3,    1,   -4,
[ 4]  -22,  -11,   -4,   -2,   -2,   -5,    0,    1,   -7,    3,    3,    4,    0,   -5,    4,  -11,   -4,    1,
[ 5]  -20,  -10,   -7,   -5,   -2,   -5,    0,   -2,    3,    3,    9,    7,    4,    0,   -5,   -7,    0,    3,
[ 6]  -19,   -7,  -10,   -5,   -5,   -5,    1,    3,    6,   -2,    3,    6,    3,    1,   -5,   -2,   -5,    0,
[ 7]  -23,  -16,   -8,   -8,    1,  -10,   -4,    1,   -8,   -7,   -8,   -8,  -13,   -5,   -2,   -5,    0,   -5,
[ 8]  -26,  -13,  -10,  -13,   -2,    0,   -2,    1,   -7,   -2,    1,    1,    1,    0,    1,    6,   -5,    3,
[ 9]  -26,  -20,   -8,   -7,   -7,   -7,   -2,    4,    0,   10,    3,    3,   -4,   -5,   -5,   -2,   -5,    4,
[10]  -34,  -13,  -11,  -11,   -5,   -4,   -7,   -8,    0,   -7,    0,    0,  -11,   -7,    0,   -2,   -2,   -2,
[11]  -20,  -14,   -4,   -2,   -2,   -2,   -2,    0,   -4,    1,    7,   -2,   -4,   -5,   -5,    3,    3,   -5,
[12]  -17,  -14,   -5,   -5,   -2,  -14,  -11,   -8,    1,   12,    4,    0,    4,    9,   -6,    0,   -3,    0,
[13]   -9,   -8,    1,    2,    0,   -9,    0,    0,   -2,    1,    8,    5,    4,    8,   -3,    0,    2,   16,
[14]   -8,  -11,    2,    1,    4,    1,    7,    7,    2,    5,   -6,    2,    0,   -3,   -2,    8,    7,   11,
[15]  -14,   -5,   -5,    2,    0,  -11,   -6,    2,   -3,    2,    0,    1,   -6,   -3,    4,    1,   -2,   10,
[16]  -12,   -8,    0,    0,   -3,    1,    0,   -8,   -3,   -5,    1,    0,    0,    1,   -3,   -2,   -5,   -3,
[17]   -9,   -3,    0,    0,    1,    1,    1,    4,   -3,   10,    2,    0,    8,    8,    0,    5,    4,    1,
[18]   -9,   -2,    0,   -2,   -5,    0,   -3,    5,    1,   -2,   11,   -6,    2,   -9,    2,    1,    7,   -8,
[19]    2,    2,    8,   -3,    2,   -2,    5,   -6,    2,   10,    7,    0,   -5,    1,   11,    0,    7,   -2,
[20]    8,    5,    7,    4,    2,    1,    5,    1,    0,   -6,   -2,  -11,   -3,    1,    1,   -5,    2,   -8,
[21]   11,   10,    8,   10,    2,    2,    0,    2,    2,    0,    0,   -8,    5,   -2,    1,    1,   -8,   11,
[22]   18,   17,   14,   14,    4,    1,    0,   -3,    2,    2,    5,    4,   -3,   -3,    4,   -6,   -6,   -2,
[23]   34,   30,    5,    5,    1,    2,    7,   -3,    7,    4,    4,    0,    4,   -8,   -3,    0,    5,    2,
[24]   51,   31,   17,    1,    0,    1,    0,   12,    2,   -5,    2,    1,    5,   -5,    0,   -2,   -9,   -2,
[25]   79,   30,   17,    8,    2,    0,   -3,   -3,    1,   -3,   -5,    2,    0,   -2,   -3,   -5,   -9,   -6,
[26]   91,   30,   12,    1,    5,    8,    8,    0,    4,   -8,    1,   -6,    1,   -2,   -2,    0,    0,    0,
[27]   40,   17,   14,    5,    1,    0,    0,    1,    2,    0,    0,   -8,    0,    1,    2,    2,    2,    0,
[28]   15,   11,    2,    8,    2,    0,    7,   -5,    2,    9,    1,    4,   -2,    1,   -2,   -5,   -2,    0,
[29]    2,    5,    1,    7,    4,   -2,   -3,    0,   -5,   -3,   -9,    0,   -2,   -6,   -6,   -9,   -5,   -9,
[30]  -12,    4,   -3,   -2,   -2,  -12,   -3,   -2,   -9,   -8,   -3,  -10,   -5,   -9,   -8,    1,   -3,    0,
[31]  -13,   -6,    0,  -12,   -2,    0,   -3,   -5,  -12,   -6,   -9,  -20,  -12,  -13,   -8,  -12,   -9,   -5,
/proc/touchpanel/debug_info/self_raw
Not support self_raw proc node
/proc/touchpanel/debug_info/baseline
raw_data:
[ 0] 8433, 8066, 8517, 8728, 7860, 7876, 7790, 7799, 7784, 8363, 8129, 8214, 8259, 8335, 8204, 8072, 7968, 7909,
[ 1] 8197, 8218, 8315, 7971, 8079, 8001, 8000, 7968, 8348, 8337, 8321, 8404, 8446, 8442, 8289, 8187, 8071, 8019,
[ 2] 8588, 8138, 8207, 8303, 7933, 7923, 7894, 8365, 8361, 8244, 8223, 8300, 8333, 8341, 8173, 8081, 7983, 7961,
[ 3] 8143, 8183, 8244, 8333, 7960, 7947, 8427, 8393, 8387, 8583, 8572, 8140, 8178, 8190, 8530, 8441, 8344, 8319,
[ 4] 8083, 8125, 8187, 8282, 7908, 7900, 8375, 8352, 8335, 8279, 8259, 8341, 8372, 8390, 8227, 8128, 8035, 8011,
[ 5] 8146, 8179, 8249, 8343, 7960, 7946, 7921, 7893, 7882, 8133, 8119, 8201, 8230, 8247, 8077, 7983, 7898, 7870,
[ 6] 8640, 8687, 8252, 7828, 7955, 7952, 7934, 7898, 7892, 8142, 8125, 8208, 8235, 8241, 8088, 7994, 7896, 7858,
[ 7] 8340, 7879, 7947, 8026, 8155, 8150, 8128, 8101, 8091, 8211, 8200, 8271, 8308, 8306, 8162, 8073, 7969, 7935,
[ 8] 8144, 8216, 8275, 8351, 7962, 7966, 8444, 8420, 8427, 8099, 8096, 8171, 8207, 8206, 8066, 7981, 7880, 8353,
[ 9] 8117, 8185, 8262, 8326, 7931, 7937, 7901, 8399, 8378, 7885, 7882, 7955, 8001, 7997, 7862, 8277, 8175, 8112,
[10] 8494, 8583, 8646, 8208, 7821, 7820, 7783, 8269, 8257, 8456, 8459, 8530, 8571, 8573, 8437, 8363, 8250, 8183,
[11] 8045, 8123, 8181, 8257, 8359, 8359, 8321, 8301, 8294, 8150, 8148, 8222, 8274, 8271, 8137, 8067, 7944, 7871,
[12] 8526, 8629, 8700, 8269, 7862, 7861, 7818, 7797, 7793, 7995, 7993, 8072, 8113, 8115, 8510, 8439, 8325, 8228,
[13] 8432, 7984, 8064, 8131, 8230, 8234, 8189, 8159, 8152, 8169, 8174, 8251, 8291, 8297, 8164, 8105, 7987, 7882,
[14] 7896, 7966, 8039, 8096, 8198, 8197, 8156, 8131, 8110, 8095, 8104, 8169, 8209, 8214, 8080, 8028, 8442, 8334,
[15] 8517, 8587, 8643, 8715, 7792, 7785, 7743, 8742, 8724, 8107, 8112, 8179, 8216, 8209, 8088, 8029, 7928, 7811,
[16] 8408, 8475, 8529, 8597, 8179, 8192, 8141, 8627, 8613, 8427, 8447, 8507, 8542, 8534, 8416, 8355, 8252, 8133,
[17] 8443, 8521, 8569, 8634, 8214, 8230, 8680, 8666, 8651, 8042, 8064, 8125, 8151, 8143, 8037, 7964, 8390, 8280,
[18] 7974, 8045, 8094, 8157, 8236, 8241, 8198, 8194, 8181, 8366, 7864, 7926, 7955, 7934, 8360, 8283, 8188, 8585,
[19] 8515, 8590, 8637, 8698, 7758, 7766, 8246, 8740, 8735, 7937, 7964, 8022, 8052, 8022, 7927, 7846, 8280, 8166,
[20] 8335, 7894, 7937, 7999, 8068, 8079, 8044, 8047, 8042, 7939, 7957, 8019, 8050, 8020, 7929, 7837, 8262, 8676,
[21] 7929, 7992, 8027, 8098, 8161, 8171, 8138, 8139, 8142, 8307, 8326, 8388, 8417, 8376, 8290, 8193, 8118, 8009,
[22] 8299, 8357, 8395, 8462, 8528, 8547, 8520, 8519, 8518, 8285, 8316, 8367, 8384, 8351, 8270, 8170, 8092, 7988,
[23] 8278, 8340, 8372, 8434, 8502, 8522, 8500, 8518, 8518, 7867, 7898, 7942, 7943, 7904, 7826, 7741, 8710, 8598,
[24] 8256, 8309, 8340, 8396, 8475, 8499, 8495, 8508, 8509, 8410, 8424, 8459, 8460, 8420, 8335, 8252, 8189, 8085,
[25] 8211, 8289, 8315, 8381, 8454, 8476, 8477, 8498, 8506, 7987, 7996, 8034, 8020, 7974, 7905, 8353, 8278, 8169,
[26] 7815, 7832, 7853, 7905, 7976, 7998, 8007, 8035, 8035, 8477, 8489, 8533, 8526, 8483, 8404, 8319, 8257, 8167,
[27] 7884, 7840, 7874, 7926, 7992, 8016, 8034, 8059, 8068, 8383, 8387, 8448, 8442, 8399, 8334, 8250, 8191, 8089,
[28] 7932, 7913, 7903, 7938, 7926, 8006, 7933, 7932, 7972, 8218, 7755, 7851, 8095, 7827, 7984, 8086, 8075, 8090,
[29] 8063, 8049, 8031, 8071, 8088, 8098, 8106, 8119, 8108, 8315, 8236, 8293, 8333, 8243, 8240, 8202, 8188, 8194,
[30] 8532, 8524, 8509, 8521, 8548, 8562, 8572, 8582, 8581, 8107, 8651, 8152, 8147, 8620, 8595, 8529, 8507, 8504,
[31] 8249, 8180, 8175, 8185, 8188, 8208, 8190, 8199, 8210, 8085, 8113, 8151, 8139, 8113, 8106, 8054, 8004, 8041,
/proc/touchpanel/debug_info/data_limit
Not support limit_data proc node
/proc/touchpanel/debug_info/reserve
Not support main_register proc node
Time : 2023-03-21-07-27-22
/proc/touchpanel/debug_info/main_register
es_enable:0
touch_count:0
/proc/touchpanel/debug_info/self_delta
Not support self_delta proc node
/proc/touchpanel/debug_info/delta
diff_data:
[ 0]    1,    0,   -8,   -7,   -5,   -4,    0,   -5,   -5,   -2,   -2,   -4,   -5,    3,    3,   -2,   -4,   -2,
[ 1]    1,    7,    3,    1,   -7,    1,    0,    1,  -11,   -4,    0,    4,    6,   -2,    6,    6,    3,    1,
[ 2]    1,    3,   10,    1,    3,    9,   -2,   -2,   -4,    4,   -4,    3,    1,    3,    6,  -10,   -4,    4,
[ 3]   -4,   -2,   -5,    1,    0,    0,    0,    3,    0,    0,   -4,    3,   -2,    0,  -10,   -7,    0,    0,
[ 4]    3,    4,    0,    3,    3,   10,    6,    1,    3,   -5,    1,    3,    4,    1,    0,    3,    3,    3,
[ 5]    3,    4,    1,    6,    0,   -2,    7,    3,    3,    0,    4,    4,   -2,    9,    0,    6,    3,    7,
[ 6]    6,    3,    0,   -2,   -2,   -2,    3,    1,   -2,    3,    6,    0,  -10,   -5,    4,   -4,    7,   -5,
[ 7]    0,    7,   -5,    1,    3,    1,   -2,   -4,    0,    4,    0,    7,   -4,    1,    4,    6,    3,    3,
[ 8]    7,   -2,   -7,  -10,  -10,    0,    1,    1,    0,   -5,    3,    1,    0,   -5,   -2,    6,   -2,    3,
[ 9]    6,    1,   -7,  -10,   -7,    3,    3,    4,   -2,   -7,   -7,   -4,    0,    9,    3,   -2,   -5,   -5,
[10]    3,   -2,    1,    0,   -5,   -7,   -5,    1,   -5,   -7,   -5,   -2,   -7,    7,   -5,    3,    1,    0,
[11]    6,    0,    6,   -7,   -7,    0,   -2,    4,  -10,    1,    3,    3,    4,   -2,    3,    0,    3,   10,
[12]    7,    0,    3,    3,    0,   -2,    0,   -6,   -5,   -3,    0,    3,   -2,    4,   -6,    1,   -3,   -3,
[13]   -6,   -2,    0,   -2,   -5,    4,    2,    2,   -2,   -2,   -5,    0,   -3,    4,    5,   -6,   -3,    0,
[14]    0,    2,    0,   -5,    0,   -2,    1,    1,   -6,    5,    0,    8,    0,    1,    1,    5,   11,  -11,
[15]   -3,    1,    0,    4,   -6,    1,   -5,   -3,    0,   -6,    4,   -3,    0,    0,   -5,   -2,    2,   -8,
[16]   -6,    4,    2,   -5,    4,    4,   -6,    4,   -2,   -6,   -3,   -3,    5,    1,   -6,   -5,    4,    0,
[17]   -6,    2,   -2,    0,   -2,   -6,    1,    1,   -5,    0,    1,    0,    5,    2,   -2,   -9,    2,   -5,
[18]   -8,    0,   -2,    1,   -6,   -3,    4,   -9,   -5,    5,    0,   -2,    0,    1,    0,   -2,   -6,   -6,
[19]  -14,    2,    7,    4,    2,    5,    4,   -3,    0,    0,    5,    0,   -3,    0,    2,   -9,    0,    4,
[20]  -22,   -3,    0,    4,    0,   -2,   -2,    2,   -5,   -2,    1,    1,    1,    2,   -2,    5,    1,    7,
[21]  -25,   -3,    1,    1,   -3,    2,   -2,   -6,   -3,   -3,   -3,   -5,    0,   -2,   -5,    5,    1,   -3,
[22]  -19,    2,    7,    1,    2,    4,    4,   -3,   -3,    0,    1,    0,    1,   -2,   -2,    1,   -5,   -2,
[23]  -22,    7,    2,    2,   -2,   -6,   -5,    5,   -5,  -11,   -9,   -6,    7,    2,    1,    1,    0,   -2,
[24]  -16,    0,    5,    7,    0,    0,    2,    4,   -5,    1,    2,   -3,   -9,   -3,    0,    4,   -2,   -3,
[25]  -26,    5,    4,    4,   -2,    4,    7,    0,    1,    5,   -5,   -6,    4,   -9,   -6,   -3,    1,   -5,
[26]    0,   -2,   -2,    0,   -8,   -2,   -3,   -3,   -2,   -2,  -11,   -5,   -2,    4,   -2,   -6,    2,    0,
[27]    5,    2,   -2,    1,    5,    1,   -2,   -6,   -3,    7,   12,    2,    0,   -2,    4,    5,    1,   -2,
[28]    0,  -10,   -2,   -2,    0,   -5,    5,    1,  -10,    1,    4,   -2,   -5,    2,    4,   -5,   -3,    1,
[29]    2,   -2,    2,    2,   -2,    0,   -6,   -5,    1,   -8,   -2,    1,   -2,   -5,    1,   -6,   -5,   -6,
[30]    4,   -8,   -2,    4,    0,    0,    4,    2,   -5,    1,    1,   -6,   -6,    4,    2,    0,    8,    1,
[31]    4,    1,    7,    8,   -3,    0,    2,   -6,   -6,   -2,    1,    1,    4,    5,    5,    0,   -2,    4,
/proc/touchpanel/debug_info/self_raw
Not support self_raw proc node
/proc/touchpanel/debug_info/baseline
raw_data:
[ 0] 8437, 8067, 8520, 8729, 7863, 7872, 7793, 7792, 7784, 8365, 8132, 8212, 8258, 8333, 8206, 8072, 7971, 7908,
[ 1] 8199, 8219, 8318, 7976, 8078, 8001, 8002, 7967, 8347, 8344, 8326, 8403, 8447, 8442, 8293, 8186, 8072, 8012,
[ 2] 8589, 8135, 8205, 8302, 7937, 7925, 7895, 8368, 8362, 8243, 8222, 8304, 8341, 8345, 8175, 8074, 7987, 7959,
[ 3] 8152, 8185, 8246, 8332, 7962, 7945, 8431, 8396, 8392, 8589, 8570, 8140, 8176, 8190, 8535, 8434, 8348, 8317,
[ 4] 8084, 8130, 8193, 8285, 7909, 7900, 8373, 8353, 8330, 8279, 8264, 8337, 8374, 8390, 8228, 8126, 8039, 8009,
[ 5] 8149, 8182, 8255, 8340, 7962, 7950, 7919, 7895, 7880, 8137, 8123, 8206, 8230, 8252, 8087, 7993, 7894, 7873,
[ 6] 8647, 8689, 8260, 7832, 7960, 7958, 7932, 7899, 7889, 8145, 8124, 8209, 8233, 8244, 8091, 7998, 7897, 7856,
[ 7] 8347, 7885, 7950, 8026, 8158, 8148, 8125, 8103, 8089, 8215, 8208, 8276, 8309, 8305, 8164, 8069, 7974, 7936,
[ 8] 8151, 8219, 8281, 8356, 7966, 7966, 8446, 8425, 8424, 8105, 8103, 8172, 8213, 8205, 8068, 7980, 7881, 8353,
[ 9] 8128, 8192, 8267, 8334, 7938, 7942, 7905, 7888, 8390, 7885, 7887, 7954, 8002, 7994, 7862, 8275, 8176, 8121,
[10] 8497, 8589, 8652, 8208, 7823, 7823, 7785, 8268, 8259, 8466, 8464, 8529, 8572, 8576, 8443, 8358, 8248, 8186,
[11] 8057, 8127, 8192, 8259, 8368, 8363, 8326, 8306, 8300, 8164, 8153, 8229, 8276, 8282, 8143, 8064, 7947, 7871,
[12] 8531, 8635, 8707, 8275, 7870, 7864, 7818, 7796, 7792, 8003, 8002, 8079, 8121, 8119, 8518, 8448, 8335, 8240,
[13] 8433, 8000, 8069, 8132, 8241, 8242, 8191, 8162, 8153, 8182, 8180, 8258, 8295, 8293, 8166, 8110, 7995, 7894,
[14] 7908, 7978, 8043, 8103, 8205, 8206, 8153, 8133, 8117, 8100, 8111, 8174, 8211, 8213, 8090, 8029, 8457, 8351,
[15] 8522, 8595, 8653, 8715, 7792, 7796, 7748, 8747, 8730, 8116, 8117, 8181, 8220, 8218, 8096, 8032, 7939, 7831,
[16] 8420, 8485, 8543, 8606, 8186, 8198, 8145, 8633, 8615, 8437, 8447, 8507, 8544, 8538, 8422, 8355, 8259, 8150,
[17] 8457, 8526, 8576, 8648, 8221, 8229, 8683, 8673, 8655, 8053, 8065, 8124, 8151, 8146, 8040, 7972, 8396, 8289,
[18] 7988, 8055, 8106, 8172, 8249, 8252, 8204, 8193, 8187, 8376, 7869, 7928, 7955, 7940, 8361, 8288, 8190, 8588,
[19] 8532, 8606, 8646, 8706, 7759, 7768, 8251, 8750, 8739, 7941, 7966, 8016, 8051, 8021, 7928, 7848, 8276, 8172,
[20] 8361, 7908, 7949, 8008, 8069, 8079, 8049, 8048, 8041, 7941, 7965, 8020, 8050, 8017, 7931, 7840, 8264, 8681,
[21] 8453, 8020, 8044, 8106, 8166, 8172, 8137, 8143, 8137, 8312, 8331, 8384, 8409, 8378, 8288, 8193, 8115, 8015,
[22] 8332, 8383, 8405, 8470, 8529, 8549, 8517, 8523, 8518, 8285, 8315, 8363, 8384, 8346, 8265, 8171, 8089, 7992,
[23] 8320, 8363, 8387, 8441, 8507, 8525, 8512, 8518, 8517, 7865, 7900, 7935, 7944, 7907, 7824, 7735, 8715, 8600,
[24] 8296, 8339, 8353, 8409, 8486, 8502, 8501, 8518, 8511, 8409, 8425, 8459, 8459, 8427, 8347, 8260, 8189, 8087,
[25] 8274, 8319, 8334, 8396, 8464, 8482, 8484, 8508, 8502, 7993, 8001, 8037, 8019, 7985, 8434, 8346, 8285, 8177,
[26] 7869, 8356, 7870, 7922, 7986, 8006, 8009, 8040, 8034, 8482, 8494, 8530, 8533, 8480, 8405, 8320, 8257, 8159,
[27] 7914, 8374, 7886, 7938, 7999, 8018, 8047, 8067, 8074, 8384, 8394, 8452, 8446, 8409, 8331, 8250, 8195, 8084,
[28] 7953, 7933, 7913, 7945, 7940, 8009, 7935, 7942, 7982, 8228, 7761, 7855, 8107, 7832, 7987, 8089, 8080, 8093,
[29] 8079, 8056, 8042, 8081, 8098, 8103, 8113, 8120, 8112, 8322, 8244, 8294, 8335, 8249, 8242, 8207, 8189, 8197,
[30] 8541, 8525, 8516, 8521, 8554, 8566, 8574, 8587, 8580, 8645, 8652, 8151, 8146, 8622, 8603, 8531, 8511, 8510,
[31] 8252, 8187, 8184, 8189, 8195, 8215, 8197, 8202, 8214, 8087, 8113, 8154, 8133, 8117, 8099, 8056, 8012, 8042,
/proc/touchpanel/debug_info/data_limit
Not support limit_data proc node
/proc/touchpanel/debug_info/reserve
Not support main_register proc node
Time : 2023-03-22-16-49-36
/proc/touchpanel/debug_info/main_register
es_enable:0
touch_count:0
/proc/touchpanel/debug_info/self_delta
Not support self_delta proc node
/proc/touchpanel/debug_info/delta
diff_data:
[ 0]    1,    3,    4,    1,    6,    0,   -2,    1,    0,    7,    9,   -5,    0,    3,    3,   12,   -4,   -5,
[ 1]    0,    4,   -4,   -2,    0,    3,    4,    7,    0,   -5,    0,    3,   -7,   -4,    0,   -2,   -4,   -4,
[ 2]    4,    6,    4,    0,   -2,    9,    4,    0,   -2,   -5,    0,    4,   -4,    0,    0,    3,    0,    4,
[ 3]   -4,    4,    4,    6,    3,    3,    0,    1,    0,    0,    0,    0,   -4,    6,    1,    0,   -2,    1,
[ 4]   -7,    1,   -5,    3,   -2,    3,    3,    1,   -4,   -2,    1,   -4,   -4,   -2,   -4,    4,   -4,    7,
[ 5]    1,   -2,   -2,    4,    1,    3,    6,    1,    4,    7,    6,    3,    1,    3,    3,   -4,   -2,    0,
[ 6]   -5,   -4,    3,    3,   -2,    1,   -7,    4,   -5,    3,    1,    4,   -4,   -2,    6,   -8,   -4,    4,
[ 7]   -7,  -11,   -4,   -4,    0,    1,    6,    4,    0,    4,   -7,   -5,   -4,   -8,   -7,  -10,   -2,   -7,
[ 8]    0,  -17,   -5,    0,    0,    1,    1,    1,   -4,   -4,   -5,    0,    3,   -4,    3,    9,   -4,    4,
[ 9]   -5,   -2,    0,   -7,  -10,    0,    1,    0,    6,    3,   -2,   -5,   -4,   -2,   -5,    3,    0,   -2,
[10]   -5,   -7,   -7,    1,   -7,    0,   -2,    0,   -2,    3,    3,    3,   -5,   -4,    7,    0,  -10,    3,
[11]   -5,    0,    7,    3,    1,    3,    1,    6,    6,   -7,   -4,    0,  -14,    1,    1,   -2,   -2,   -2,
[12]   -2,   -8,   -5,    3,   -6,   -5,   -5,    0,   -2,   -3,   -5,    1,    0,   -3,   -8,    3,   -5,    3,
[13]   -3,   -2,    2,    1,    1,    5,    1,    5,   -3,   -3,   -5,    4,    0,   -6,    2,    4,   -5,    4,
[14]   -2,   -3,    2,    0,   -2,    0,    0,   -6,   -3,    1,    5,    7,   -3,    2,    0,   -2,   -6,   11,
[15]   -3,   -5,    4,    5,    1,    2,    4,    4,    5,   -2,    2,    1,    0,    1,   -3,   -6,    5,    2,
[16]   -2,   -9,   -6,   -2,   -2,    0,    2,   -8,   -5,  -11,  -12,    1,    0,    2,    2,   -2,   -2,   -6,
[17]   -3,   -6,   -2,  -14,    4,    7,    1,   -5,    0,    0,   -5,   -2,   -6,    0,    2,   10,    2,   -3,
[18]    0,    0,    0,   -3,   -3,    2,   -6,   -2,    1,    0,   -8,   -3,   -6,    4,    0,   -6,   -3,    4,
[19]   -8,   -5,   -6,   -6,   -6,    1,    2,   -5,    0,   -2,   -2,   -3,    4,   -5,    0,   -2,   -3,   -5,
[20]   -3,   -6,    0,    4,    0,   -3,    0,   -5,    1,   -6,   -6,   -2,    0,   -2,   -2,    5,    1,   -5,
[21]  -17,  -12,    0,   -3,   -2,   -5,   -5,    0,   -8,    0,    5,    1,   -3,   -2,    1,    1,   -6,   -5,
[22]  -22,   -6,    2,    1,   -3,   -3,   -6,    1,    2,   -2,   -2,    4,    1,   -5,   -2,    4,   -2,    1,
[23]  -35,  -15,   -3,    4,    4,    0,    2,    0,    4,    0,   -2,   -5,    2,    0,    0,   -2,   -2,    0,
[24]  -57,  -21,  -11,   -9,    2,   -6,   -5,    0,    0,    0,    0,   -9,  -12,   -6,   -3,    2,   -6,    0,
[25]  -70,  -28,   -6,   -5,   -2,   -2,    0,    1,   -3,   -6,    4,    0,   -2,   -2,   -9,  -11,   -3,   -3,
[26]  -71,  -32,   -6,   -5,   -6,    0,   -5,    1,   -5,    0,   -2,    0,   -2,   -5,    1,   -2,   -5,    5,
[27]  -46,  -32,   -8,   -3,   -6,    7,    1,    0,    0,   -5,    1,   -9,   -5,   -8,   -3,    0,   -9,   -3,
[28]  -56,  -29,  -15,  -13,   -6,   -3,    1,    0,   -2,    2,   -3,    4,   -6,   -3,    2,   -3,   -6,    1,
[29]  -30,  -22,  -22,  -19,  -10,   -3,   -3,   -9,    0,    1,    2,   -8,    0,    1,    1,    1,   -2,   -6,
[30]  -20,  -19,  -16,  -25,  -20,   -6,  -12,    1,   -3,    5,    2,   -6,   -5,    1,    0,    1,    2,    2,
[31]  -20,  -13,   -5,  -20,  -16,  -23,  -22,  -25,    1,    2,   -3,   -3,   -3,   -8,   -5,    1,  -12,   -3,
/proc/touchpanel/debug_info/self_raw
Not support self_raw proc node
/proc/touchpanel/debug_info/baseline
raw_data:
[ 0] 8456, 8064, 8538, 8237, 7886, 7894, 7808, 7812, 7806, 8388, 8155, 8235, 8288, 8361, 8227, 8096, 7979, 7907,
[ 1] 8219, 8235, 8337, 7992, 8103, 8020, 8020, 7985, 8357, 8366, 8348, 8427, 8467, 8462, 8303, 8195, 8069, 8007,
[ 2] 8605, 8159, 8229, 8326, 7961, 7944, 7914, 7872, 7865, 8272, 8258, 8333, 8371, 8372, 8193, 8087, 7981, 7956,
[ 3] 8163, 8197, 8266, 8356, 7985, 7970, 7927, 8411, 8408, 8105, 8599, 8172, 8207, 8220, 8551, 8445, 8341, 8311,
[ 4] 8101, 8150, 8207, 8302, 7931, 7913, 8389, 8367, 8353, 8303, 8290, 8370, 8406, 8418, 8243, 8138, 8036, 8001,
[ 5] 8162, 8197, 8271, 7851, 7979, 7960, 7938, 7910, 7899, 8163, 8144, 8231, 8258, 8274, 8097, 7993, 7890, 7860,
[ 6] 8658, 8703, 8268, 7843, 7975, 7968, 7943, 7907, 7900, 8161, 8145, 8226, 8249, 8262, 8093, 8001, 7890, 7842,
[ 7] 8355, 7887, 7950, 8034, 8163, 8153, 8131, 8108, 8095, 8226, 8217, 8286, 8318, 8317, 8171, 8068, 7960, 7924,
[ 8] 8167, 8220, 8273, 8355, 7969, 7967, 8440, 8417, 8419, 8105, 8097, 8171, 8206, 8206, 8064, 7973, 7864, 8336,
[ 9] 8137, 8191, 8252, 8323, 7931, 7945, 7894, 7871, 8372, 7886, 7874, 7945, 7991, 7983, 8348, 8262, 8153, 8099,
[10] 8516, 8580, 8638, 8198, 7814, 7811, 7770, 8246, 8228, 8446, 8440, 8511, 8549, 8547, 8402, 8320, 8196, 8144,
[11] 8063, 8125, 8179, 8244, 8355, 8348, 8308, 8285, 8266, 8127, 8120, 8188, 8235, 8231, 8086, 7979, 7738, 7544,
[12] 8537, 8624, 8685, 8253, 7846, 7835, 7787, 7762, 7758, 8491, 8491, 8039, 8082, 8064, 8439, 8293, 7773, 7589,
[13] 8425, 7979, 8047, 8111, 8214, 8208, 8153, 8124, 8106, 8143, 8145, 8215, 8254, 8251, 8090, 7900, 7347, 7346,
[14] 7897, 7963, 8021, 8079, 8175, 8169, 8114, 8095, 8071, 8063, 8074, 8137, 8176, 8176, 8028, 7911, 8226, 8210,
[15] 8526, 8590, 8632, 8694, 7767, 7758, 8723, 8698, 8676, 8070, 8075, 8142, 8187, 8179, 8045, 7978, 7884, 7795,
[16] 8420, 8480, 8522, 8576, 8162, 8157, 8598, 8586, 8560, 8384, 8403, 8464, 8503, 8496, 8379, 8326, 8229, 8129,
[17] 8459, 8521, 8556, 8616, 8690, 8692, 8634, 8613, 8602, 7999, 8022, 8086, 8122, 8114, 8009, 7945, 8376, 8275,
[18] 7985, 8049, 8086, 8140, 8217, 8214, 8159, 8145, 8126, 8328, 8352, 7881, 7924, 7911, 8331, 8272, 8174, 8579,
[19] 8531, 8593, 8628, 8681, 8252, 7733, 8709, 8696, 8679, 7895, 7920, 7967, 8010, 7989, 7899, 7834, 8264, 8671,
[20] 8358, 7900, 7929, 7987, 8056, 8055, 8014, 8006, 7993, 7899, 7919, 7968, 8003, 7982, 7901, 7823, 8250, 8673,
[21] 8458, 8006, 8034, 8087, 8154, 8151, 8113, 8113, 8105, 8276, 8298, 8344, 8379, 8350, 8268, 8175, 8103, 8007,
[22] 8336, 8379, 8403, 8460, 8525, 8539, 8506, 8500, 8494, 8263, 8294, 8336, 8365, 8332, 8252, 8163, 8080, 7984,
[23] 8326, 8362, 8382, 8441, 8506, 8519, 8505, 8506, 8507, 7861, 7886, 7934, 7942, 7911, 7826, 8256, 8708, 8596,
[24] 8303, 8340, 8355, 8418, 8490, 8499, 8500, 8505, 8504, 8412, 8429, 7927, 8470, 8433, 8351, 8263, 8181, 8081,
[25] 8285, 8323, 8335, 8391, 8469, 8485, 8481, 8503, 8501, 7996, 8012, 8049, 8038, 7997, 8444, 8358, 8278, 8168,
[26] 8877, 8362, 8371, 7924, 7988, 8008, 8011, 8037, 8043, 8497, 8508, 8549, 8545, 8500, 8420, 8335, 8254, 8162,
[27] 8924, 8375, 8402, 7944, 8004, 8024, 8050, 8071, 8080, 8400, 8409, 8471, 8456, 8423, 8344, 8260, 8194, 8092,
[28] 8987, 8436, 7918, 7949, 7946, 8018, 7944, 7943, 7989, 8242, 7774, 7869, 8116, 7843, 8002, 8092, 8080, 8088,
[29] 8078, 8057, 8040, 8078, 8096, 8103, 8115, 8126, 8124, 8334, 8254, 8305, 8353, 8259, 8251, 8211, 8191, 8187,
[30] 8544, 8526, 8515, 8522, 8557, 8568, 8582, 8587, 8590, 8119, 8667, 8163, 8164, 8629, 8608, 8540, 8510, 8509,
[31] 8250, 8183, 8170, 8184, 8183, 8197, 8173, 8135, 8177, 8071, 8107, 8144, 8135, 8115, 8103, 8054, 8004, 8040,
/proc/touchpanel/debug_info/data_limit
Not support limit_data proc node
/proc/touchpanel/debug_info/reserve
Not support main_register proc node
Time : 2023-03-22-16-49-38
/proc/touchpanel/debug_info/main_register
es_enable:0
touch_count:0
/proc/touchpanel/debug_info/self_delta
Not support self_delta proc node
/proc/touchpanel/debug_info/delta
diff_data:
[ 0]  -74,  -29,  -10,  -11,   -2,    3,    4,    3,    0,    4,    1,    6,   -2,   -7,    0,    3,   -5,    0,
[ 1]  -43,   -2,   -2,   -4,    4,    0,    6,    1,    4,    1,    4,    3,    3,    4,    3,    1,   -5,    0,
[ 2]    1,    0,   -5,   -7,   -5,    4,    4,    0,    0,    1,    1,    6,    3,   -2,    1,   -2,    0,    4,
[ 3]  -10,   -4,   -4,   -4,   -4,   -2,   -7,    4,    4,   -2,   -4,    4,    0,   -4,   -4,   -5,    3,    3,
[ 4]   -5,    3,   -2,   -8,  -10,    1,  -10,   -4,    3,    3,    4,    1,   -4,   -2,    3,   -2,   -5,    0,
[ 5]    0,    4,   -2,  -10,   -4,    3,   -7,    3,    0,    0,    3,   -7,    3,   -5,    0,    3,    0,    1,
[ 6]   -5,   -2,    0,   -4,    3,   -4,   -7,   -2,    1,    7,    1,    0,   -5,    0,   -2,   -5,   -4,   -2,
[ 7]   -7,    0,    4,  -10,   -2,   -8,   -7,    1,   -2,    4,   -8,    4,   -5,    7,   -4,    0,    0,    1,
[ 8]    3,   -2,   -4,   -2,   -4,   -5,    4,    4,    4,   -4,   -5,    1,    1,   -8,    3,    0,    3,    4,
[ 9]   -8,   -4,    1,  -13,  -10,    1,    4,    0,   -2,    1,    4,    4,   -7,    4,    6,    3,    3,    4,
[10]  -11,   -4,   -2,   -4,   -2,    1,    1,    0,    1,   -5,   -4,   -4,    4,   -7,   -8,   -2,   -4,    6,
[11]   -5,   -4,   -2,    4,   -5,    4,   -2,    3,    1,    0,    1,   -2,   -7,    6,    1,    0,    3,   -5,
[12]   -3,   -2,    1,  -11,   -3,   -3,   -3,    0,   -3,    6,    6,   -6,    0,   -5,   -5,    0,    1,  -15,
[13]   -8,   -3,   -3,  -11,   -3,    0,    2,    1,   -2,    2,    2,   -6,   -5,    5,    0,    1,   -2,  -12,
[14]   -3,    1,   -2,   -5,   -5,    1,   -3,    0,   -6,   -6,   -2,   -2,    1,    2,   -3,    0,   -9,    1,
[15]   -2,    4,   -5,   -8,    2,    0,   -5,    2,    2,    1,   -9,   -6,    4,   -3,    0,  -11,   -2,   -2,
[16]    1,   -5,   -6,   -5,   -2,   -9,   -8,    2,    2,    2,   -2,   -2,   -3,   -3,    2,   -2,    2,   -5,
[17]    7,   -2,    8,  -11,    1,    0,    2,    7,    1,   -5,   -3,   -2,   -3,   -5,   -8,    1,    4,   -2,
[18]    1,    7,    2,   -8,    2,   -3,   -8,   -2,   -3,   -5,    4,    5,   -3,    1,   -3,   -3,    4,    4,
[19]   -3,   -5,   -3,   -5,    4,    8,    1,    2,    0,    1,    1,    7,   -2,   -8,   -2,   -5,   -5,    1,
[20]    0,    0,   -3,    0,   -2,    1,   -3,   -3,   -3,    0,    1,    5,    5,    4,   -5,    1,    5,    1,
[21]  -11,   -3,    8,   -5,   -8,    1,    2,    4,    4,    2,    1,   -2,   -2,    2,    2,    8,   -2,    1,
[22]    1,    5,   -8,   -3,   -2,    4,   -2,    1,    7,   -3,    2,    2,    2,   -3,    4,   -3,    1,   -3,
[23]   -6,   -2,   -6,  -14,   -9,    1,    2,    1,    2,   -5,    1,    7,    0,   -6,    1,   -3,    0,    2,
[24]   -6,   -2,   -2,   -3,   -5,    4,   -3,    7,    0,    2,   -3,   10,    1,    4,    7,    5,   -8,   -6,
[25]   -5,   -5,    2,   -3,   -2,   -3,   -3,   -6,    0,   -6,   -5,    4,    2,    2,    4,    0,    2,   11,
[26]   -3,    4,    2,   -2,   -2,    0,   -2,   -3,    7,   -3,   -3,    1,   -3,    7,    0,    4,    8,    7,
[27]   -5,    1,   -5,  -16,   -3,   -2,   -3,   -6,    4,   -5,    4,   11,    2,    4,   -5,    8,    7,    7,
[28]   -6,    0,    7,   -5,   -6,   -3,   -6,   -6,    0,   -2,   -3,    0,    0,    4,    5,    5,   -3,    7,
[29]   -2,    7,   52,   63,    2,    1,    2,    2,    0,    0,   -2,    0,   -8,    1,    5,   -3,    4,    1,
[30]   -5,    2,    9,  121,   39,   -9,    1,    0,    0,   -3,    1,   -2,    0,   -2,    4,    4,   -2,   -2,
[31]   -3,    0,   -6,   -3,   53,    4,   -5,   -9,  -10,   -3,    0,   -8,   -9,    0,   -5,    5,   -8,   -3,
/proc/touchpanel/debug_info/self_raw
Not support self_raw proc node
/proc/touchpanel/debug_info/baseline
raw_data:
[ 0]  -68,  -24,   -7,   -2,    7,   -2,    3,    4,    3,   -2,    3,    4,   -5,   -4,    6,   -5,   -8,    3,
[ 1]  -43,    4,   -5,  -10,    7,   -4,    4,    0,    6,   -4,   -2,    3,    4,    1,    4,    6,   -8,   -2,
[ 2]    1,   -4,   -5,   -7,    1,   -5,   -5,   -4,   -4,   -5,    6,   -2,   -4,   -5,    3,   -4,   -4,   -7,
[ 3]   -4,    1,    0,   -7,   -2,  -10,   -7,   -8,    3,    1,   -4,   -7,   -4,    3,    3,    0,   -8,    0,
[ 4]    0,    4,  -11,   -7,   -4,    0,   -2,   -7,    7,   -5,    4,    1,    0,    0,    6,    1,    6,    3,
[ 5]    0,    4,   -5,   -2,    3,    4,   -2,   -4,    4,    1,   -2,   -5,    0,    1,  -10,   -4,   -7,   -4,
[ 6]    1,   -2,   -7,   -7,   -5,    0,   -8,   -5,    1,   -2,    3,    4,   -7,    6,   -5,    3,    0,   -5,
[ 7]   -7,    4,   -4,   -7,   -5,   -2,   -4,   -2,   -2,   10,   -5,    3,    7,   12,    6,   -2,    4,    1,
[ 8]    0,   -7,   -4,   -5,   -7,   -2,   -5,   -2,    0,   -5,   -2,    4,    7,    6,    0,    1,    1,   10,
[ 9]   -2,   -2,   -2,  -11,  -13,   -5,   -8,   -5,   -5,    3,    0,    6,    4,    3,   -7,    6,   -4,    6,
[10]   -2,    3,   -4,    1,   -4,   -7,  -10,   -5,    0,   -4,   -4,   -8,    0,   -5,   -5,   -5,  -10,   -2,
[11]   -8,   -4,   -7,   -5,   -4,   -5,   -7,   -4,   -2,    3,   -2,   -5,    1,   -4,    0,    1,    6,  -10,
[12]    1,    0,    1,   -8,  -11,   -3,    0,    1,   -3,    1,    4,   -2,   -6,   -2,   -6,   -3,    6,  -18,
[13]    0,   -6,    0,   -6,   -5,    2,    0,   -6,    0,   -2,    4,    0,    0,    7,   -3,    1,   -2,  -14,
[14]    2,   -5,   -6,    0,   -6,   -3,   -3,   -9,   -2,   -6,   -3,    0,    0,   -2,   -8,    1,   -6,    0,
[15]   -8,   -3,   -2,   -9,    1,   -5,   -6,   -5,   -5,  -11,   -5,   -8,    1,    0,    1,   -2,   -2,   -2,
[16]    0,   -6,   -6,   -2,   -8,   -6,   -3,  -11,   -2,   -8,    2,    0,   -5,   -8,   -3,   -2,    0,    4,
[17]    0,   -6,    0,   -5,   -2,   -5,   -5,   -6,    2,   -5,    0,    7,   -2,   -6,    0,   -5,    1,    5,
[18]    1,    0,    5,   -2,   -6,   -8,    1,    0,   -5,    0,    1,    0,   -2,   -2,    1,   -2,    0,    2,
[19]    1,   -8,   -8,   -3,    1,    2,   -5,  -11,   -3,    8,   -8,    4,   -8,   -3,    1,   -3,   -3,    0,
[20]    0,   -2,    0,   -6,    0,    1,   -3,    1,    5,   -3,   -2,   -5,   -2,    2,   -3,    1,    4,    4,
[21]   -2,   -2,   -2,  -11,  -11,    2,   -3,   -5,    0,   -3,   -8,   -5,   -3,    0,   -5,   -2,    1,    0,
[22]   -2,   -5,   -3,  -12,   -9,   -3,    5,    1,   -2,   -2,    0,   -3,    0,   -8,   -2,    2,    2,    0,
[23]   -2,    5,   -5,   -8,    0,    2,  -11,   -2,    0,    4,   -8,    2,   -3,   -6,    1,   -5,   -2,    4,
[24]    0,   -2,    1,   -5,   -6,   -6,   -5,    4,   -2,   -3,   -3,    2,    0,    1,    4,    4,    2,    5,
[25]   -5,   -6,    0,   -6,   -3,    5,    0,   -6,   -2,   -5,    0,    7,   -6,   -3,    4,    2,    7,   12,
[26]   -3,    2,   -8,   -5,   -3,   -2,    1,   -3,    0,   -6,    1,    2,    5,    4,    1,    7,    4,    8,
[27]    1,    7,    0,   -8,    2,   -6,   -9,    2,    1,    1,   -8,    1,    0,   -5,    0,    0,    5,   11,
[28]    0,    4,   14,   -5,   -8,   -5,    2,   -9,    4,  -12,   -3,    8,    1,    0,    0,    2,    1,    2,
[29]   -5,    7,   56,   62,   -3,   -3,    0,   -3,   -3,    5,   -3,   -5,   -2,    2,    5,    5,    9,    5,
[30]    0,   -2,   14,  117,   36,   -3,    4,   -5,   -3,   -6,   -3,    1,   -6,    1,    0,   -2,    1,    5,
[31]    5,   -6,   -2,    1,   57,    8,   -8,  -13,   -3,   -9,  -10,   -6,   -8,   -3,   -2,    5,   -3,   -3,
/proc/touchpanel/debug_info/data_limit
Not support limit_data proc node
/proc/touchpanel/debug_info/reserve
Not support main_register proc node
Time : 2023-03-22-19-24-27
/proc/touchpanel/debug_info/main_register
es_enable:0
touch_count:0
/proc/touchpanel/debug_info/self_delta
Not support self_delta proc node
/proc/touchpanel/debug_info/delta
diff_data:
[ 0]  146,  124,  149,  143,  118,  118,  132,  117,   93,  106,  109,  132,  128,   82,   43,   35,   68,   89,
[ 1]   77,   70,   57,   63,   60,   60,   74,  104,   99,   90,   73,   52,   38,   21,   18,   40,   56,   62,
[ 2]   21,   32,   32,   37,   31,   51,   45,   37,   40,   37,   31,   23,   21,   17,   34,   34,   46,   60,
[ 3]    3,   10,   21,   40,   58,   27,   17,   10,   13,   17,    7,    3,   18,   27,   29,   40,   37,   27,
[ 4]    9,   40,   27,   23,   20,   10,    9,    1,    1,   -4,    0,   16,   26,   26,   26,   30,   26,   16,
[ 5]   30,   26,    9,    0,    0,  -10,  -10,   -8,  -10,    4,   10,   18,   13,    9,   18,   12,   15,    3,
[ 6]  -10,   -5,   -7,  -11,  -14,  -10,   -7,    3,   12,   13,    9,    9,   12,    6,   18,   16,    3,    1,
[ 7]  -11,    4,  -10,  -10,  -11,    3,   13,    9,    1,    3,    0,    3,    1,   -5,    1,   -4,   -7,   -4,
[ 8]   15,   27,   19,   22,   15,   13,   -2,   -4,   -8,   -5,   -2,    0,    4,   -2,    0,    1,    1,    0,
[ 9]    3,    3,  -10,  -11,   -5,   -5,  -14,  -11,   -5,   -8,    0,    4,    0,   -4,    3,   -7,    4,  -10,
[10]   -7,   -7,  -16,  -16,  -14,  -10,    0,  -10,   -4,  -10,  -13,  -11,   -8,   -8,    4,  -10,   -8,   -5,
[11]   -7,  -11,  -16,  -14,  -16,   -4,  -13,   -4,   -8,  -10,   -7,  -11,  -11,   -7,    1,   -8,   -7,   -7,
[12]  -21,   -3,  -17,  -14,  -14,   -9,   -6,   -8,    0,   -9,   -5,   -8,   -6,   -3,  -11,   -3,   -8,   -5,
[13]  -23,  -17,  -11,  -12,  -14,   -8,  -12,   -8,   -8,    0,   -9,   -6,   -9,   -6,   -8,  -12,  -11,  -12,
[14]  -21,   -8,   -9,  -12,    1,  -11,   -6,   -8,   -6,    2,   -5,    0,  -15,   -6,   -2,   -9,   -6,   -6,
[15]  -12,    1,  -12,   -6,   -9,   -9,   -5,  -14,   -9,   -3,   -6,  -11,   -8,   -3,   -2,   -9,  -15,  -14,
[16]   -9,    4,   -9,  -14,  -15,   -8,   -9,   -6,   -9,   -9,  -11,  -12,   -6,   -5,    0,  -11,   -8,   -9,
[17]    0,   -5,   -9,  -11,  -12,   -9,  -11,  -12,  -11,  -14,   -2,   -6,   -3,   -6,  -14,   -9,  -12,   -3,
[18]    0,   -9,  -11,   -6,  -11,  -17,   -8,  -15,  -12,  -11,  -15,  -21,  -20,   -5,  -12,  -17,   -5,   -6,
[19]  -12,  -12,  -11,  -20,  -14,  -15,   -5,  -11,  -14,  -15,  -18,  -17,  -25,  -20,  -17,   -6,  -14,  -11,
[20]   -3,  -18,  -20,  -18,  -14,  -20,  -18,  -18,  -12,  -14,  -14,  -15,  -20,  -18,  -12,   -6,  -17,  -11,
[21]  -22,  -21,  -18,  -17,  -14,  -11,  -19,  -21,  -18,  -19,  -21,  -12,  -22,  -11,  -18,  -12,  -19,  -17,
[22]  -37,   -9,  -25,  -19,  -18,  -15,  -15,  -12,  -16,  -21,  -22,  -18,  -18,  -19,   -9,  -16,  -15,  -11,
[23]  -16,   -8,  -19,  -14,   -8,   -8,  -14,   -8,  -15,  -18,  -16,  -19,  -25,  -16,  -15,  -15,  -18,  -14,
[24]  -11,  -11,  -13,  -13,  -16,   -9,  -13,  -11,  -12,  -13,  -18,  -11,  -12,   -8,   -9,   -3,   -9,  -12,
[25]   -3,  -11,   -3,   -9,   -8,  -11,   -9,  -16,   -2,  -13,  -13,   -8,   -9,    0,   -2,   -5,  -11,  -21,
[26]   -2,   -8,  -11,  -13,   -8,  -11,  -11,   -9,   -2,   -9,  -13,  -16,   -3,  -11,    0,   -9,    2,  -11,
[27]   -9,  -11,  -11,  -13,  -15,  -11,   -5,  -12,   -8,   -6,   -6,   -6,   -3,    0,    2,   -8,  -15,  -16,
[28]   -8,   -8,  -18,   -9,  -13,  -10,  -15,   -9,   -8,   -5,   -6,   -2,    0,   -3,  -12,  -12,   -6,  -12,
[29]   -9,   -9,   -9,  -13,   -2,   -6,   -6,   -5,    0,   -5,   -9,   -6,   -3,   -5,   -8,   -8,   -8,   -2,
[30]   -8,   -9,  -10,   -8,  -12,  -10,  -15,  -13,   -8,   -6,   -2,  -10,   -9,   -8,   -2,    0,  -13,   -6,
[31]  -10,    0,   -6,  -10,  -13,  -10,  -12,  -13,  -10,   -5,   -2,   -6,  -10,   -9,   -3,   -9,   -2,   -9,
/proc/touchpanel/debug_info/self_raw
Not support self_raw proc node
/proc/touchpanel/debug_info/baseline
raw_data:
get data failed
/proc/touchpanel/debug_info/data_limit
Not support limit_data proc node
/proc/touchpanel/debug_info/reserve
Not support main_register proc node
Time : 2023-03-22-20-07-09
/proc/touchpanel/debug_info/main_register
es_enable:0
touch_count:0
/proc/touchpanel/debug_info/self_delta
Not support self_delta proc node
/proc/touchpanel/debug_info/delta
diff_data:
[ 0]    3,    0,   -4,    3,    9,    0,    4,    0,   -5,   -2,   -2,   -5,    9,    0,   -5,    0,    4,   -5,
[ 1]    0,   -4,   -2,    0,    0,   -5,   -2,    4,   -5,    9,    4,    0,    1,   -5,    6,    0,    1,    4,
[ 2]   -5,   -2,   -4,   -4,    1,    7,    3,    0,   -2,   -4,   -7,    3,    3,   -2,    4,   -7,    1,   13,
[ 3]    0,    0,   -4,    0,   -7,   -2,    0,   -2,    3,    0,    3,   -5,   -4,    1,    1,   -7,   -4,   23,
[ 4]   -2,    0,    0,   -2,    0,   -5,    3,    0,   -7,   -5,    3,   -4,   -7,    0,   -2,    0,    6,   33,
[ 5]   -5,    3,    0,   10,    9,    0,    0,   -4,   -2,    3,    6,   -5,    7,    4,    3,    0,    9,   18,
[ 6]    3,   -2,   -2,    0,    1,   10,   -2,   -5,   -4,   -7,    1,   -4,    4,   -2,    9,    1,    3,   19,
[ 7]    4,    4,    3,    1,    0,    0,   -8,    1,   -2,   -5,    1,    3,    1,    7,    0,    0,    4,   -4,
[ 8]    4,    7,   -5,   -4,   -2,   -7,   -5,  -13,   -8,    3,    1,   -5,   -2,   10,    3,   -8,   -4,   -5,
[ 9]    9,    4,   -2,    0,   -5,   -5,    3,    1,    4,  -17,   -4,   -5,   -2,   -2,   -5,    1,   -7,  -16,
[10]    1,   -2,    3,    1,    0,    6,    6,   -5,    0,    0,    1,    6,    6,   -8,    1,    6,   -5,  -11,
[11]    6,    4,   -2,    1,    1,   -2,    3,    6,   -5,   -4,   -7,  -13,   -7,   -2,   -4,   -2,    3,   -5,
[12]    3,    1,   -2,    1,   -3,    0,    1,    0,   -5,   10,    3,   -2,    4,  -12,    1,    6,    1,   -5,
[13]   -3,    1,   -2,   -2,    4,    0,    7,    1,   -5,    1,   -2,   -2,    2,    1,   -2,    1,    2,    0,
[14]    5,    7,    0,   -5,    5,    0,    4,   -6,   -2,    2,    5,    1,    5,   -2,   -2,    1,    0,    0,
[15]   -3,    1,   -5,   -6,    5,    7,    7,   -2,    2,    4,    1,   -2,   -8,   -6,   -2,    2,    1,   -3,
[16]    4,    5,    7,    2,    8,    2,    5,    4,    7,    2,    7,   -3,   -5,    1,   -5,    0,    2,   -3,
[17]    2,   -2,    1,    0,    1,    2,    5,   -2,    0,   -6,   10,   -5,    5,    1,    4,    4,    4,    1,
[18]    2,    4,   -2,   -5,    1,    0,   -3,   -3,   -8,    0,    2,  -11,    4,   -3,   -6,    1,   -2,    1,
[19]   -3,    2,   -5,   -2,    4,    4,   -2,   -6,   -3,    7,   -2,   11,    4,   10,   11,    0,   14,    2,
[20]   -2,    5,    7,    2,    2,   -5,   -5,   -5,    0,    1,    0,    4,   -2,   -2,    5,   -8,    0,   -6,
[21]    0,   -2,    1,    7,   -5,    8,    1,   -2,   -8,    2,    0,   -2,    0,    0,    2,   -2,    8,   -2,
[22]   -3,   -2,   10,    7,   -3,   -8,    2,    0,   -3,    2,   -2,   -3,    2,   -2,    5,    0,   -8,    0,
[23]  -12,    0,   -8,    4,   -5,   -6,   -2,  -11,    1,   -2,    2,    0,    1,    0,    0,    5,    2,   -8,
[24]  -12,    4,   -2,    2,    7,   10,    1,   -8,   -8,   -6,    7,    1,   -6,   -3,   -5,    8,   -2,   -8,
[25]   -2,    4,    4,    1,    2,    0,    4,   -5,   -3,   -5,    0,    4,   -8,    1,    1,   -9,   -9,   -9,
[26]  -13,   -9,    0,    4,    5,    2,    4,   -5,   -2,   10,    2,    1,    2,    4,    4,    8,    2,    1,
[27]    2,   -5,    0,   -5,   -2,   -9,    2,    1,    0,   -6,    2,   -3,    0,   -2,   -5,    2,   -3,    0,
[28]   -5,    2,    7,    4,   -3,    2,    4,   -2,   -8,  -10,   -6,   -9,   -3,    1,   -9,   -9,  -15,   -8,
[29]    1,    1,   -2,    4,    1,    7,    1,    0,   -9,   -3,   -3,  -10,   -6,    8,    1,    1,    0,   -6,
[30]    1,   -2,   -5,   -6,  -10,  -25,    1,    0,    5,   -3,   -5,    1,    1,   -2,    2,   -5,   -2,  -10,
[31]    1,   -3,   -2,   -5,  -12,  -30,  -33,   -3,   -6,    5,   -3,   -5,    0,    4,   -2,    0,   -3,   -5,
/proc/touchpanel/debug_info/self_raw
Not support self_raw proc node
/proc/touchpanel/debug_info/baseline
raw_data:
[ 0] 8437, 8067, 8514, 8221, 7863, 7868, 7782, 7788, 7779, 8357, 8123, 8213, 8256, 8333, 8204, 8073, 7961, 7895,
[ 1] 8200, 8219, 8311, 7971, 8075, 7994, 7992, 7957, 8329, 8330, 8314, 8394, 8443, 8440, 8283, 8183, 8058, 7988,
[ 2] 8588, 8141, 8207, 8302, 7934, 7916, 7882, 8354, 8349, 8236, 8216, 8294, 8332, 8342, 8168, 8069, 7967, 7908,
[ 3] 8142, 8184, 8242, 8335, 7956, 7938, 8415, 8377, 8377, 8581, 8566, 8139, 8179, 8191, 8530, 8428, 8322, 8251,
[ 4] 8581, 8133, 8189, 8285, 7911, 7897, 8366, 8343, 8328, 8271, 8254, 8338, 8374, 8393, 8221, 8115, 8015, 7940,
[ 5] 8642, 8183, 8245, 8335, 7960, 7945, 7917, 7889, 7876, 8134, 8119, 8196, 8235, 8247, 8073, 7973, 7874, 7815,
[ 6] 8647, 8692, 8250, 7822, 7955, 7953, 7927, 7895, 7883, 8135, 8118, 8201, 8228, 8231, 8078, 7981, 7878, 7821,
[ 7] 8339, 7878, 7932, 8015, 8145, 8140, 8112, 8088, 8081, 8203, 8188, 8262, 8292, 8293, 8146, 8056, 7959, 7914,
[ 8] 8150, 8210, 8261, 8336, 7948, 7954, 8430, 8397, 8393, 8082, 8070, 8146, 8181, 8187, 8044, 7966, 8382, 8336,
[ 9] 8124, 8178, 8241, 8306, 7909, 7920, 8386, 8366, 8350, 8352, 8351, 7919, 7967, 7972, 8339, 8259, 8154, 8099,
[10] 8506, 8570, 8617, 8696, 7789, 7781, 8238, 8218, 8206, 8414, 8405, 8483, 8528, 8532, 8407, 8337, 8229, 8169,
[11] 8044, 8116, 8161, 8226, 8325, 8312, 8272, 8250, 8238, 8097, 8092, 8170, 8219, 8227, 8097, 8037, 7926, 7856,
[12] 8519, 8613, 8671, 8233, 7811, 7805, 8265, 8239, 8739, 8451, 8450, 8010, 8054, 8065, 8461, 8408, 8308, 8221,
[13] 8407, 7966, 8026, 8085, 8182, 8170, 8116, 8089, 8075, 8090, 8094, 8177, 8219, 8225, 8108, 8063, 7964, 7872,
[14] 7881, 7948, 8000, 8050, 8137, 8132, 8075, 8047, 8033, 8007, 8020, 8088, 8136, 8147, 8031, 8511, 8422, 8332,
[15] 8504, 8568, 8613, 8663, 8246, 8738, 8683, 8654, 8631, 8023, 8024, 8090, 8143, 8148, 8034, 7984, 7908, 7807,
[16] 8392, 8461, 8499, 8552, 8625, 8628, 8563, 8542, 8520, 8340, 8355, 8420, 8464, 8464, 8359, 8310, 8224, 8116,
[17] 8430, 8504, 8534, 8592, 8658, 8663, 8596, 8578, 8564, 7955, 7977, 8042, 8076, 8072, 7982, 7928, 8359, 8249,
[18] 8452, 8036, 8068, 8121, 8187, 8184, 8125, 8113, 8094, 8284, 8306, 7843, 7880, 7871, 8305, 8244, 8157, 8556,
[19] 8497, 8583, 8615, 8664, 8229, 8736, 8681, 8674, 8658, 7863, 7890, 7944, 7984, 7966, 7883, 7813, 8253, 8649,
[20] 8333, 7896, 7926, 7978, 8040, 8036, 8001, 7995, 7979, 7874, 7895, 7949, 7989, 7968, 7889, 7802, 8243, 8657,
[21] 8442, 8001, 8030, 8080, 8143, 8140, 8103, 8101, 8099, 8257, 8275, 8332, 8360, 8333, 8249, 8161, 8089, 7982,
[22] 8312, 8370, 8388, 8451, 8516, 8529, 8492, 8487, 8481, 8248, 8286, 8327, 8347, 8326, 8240, 8157, 8078, 7967,
[23] 8283, 8359, 8373, 8430, 8499, 8516, 8489, 8496, 8492, 7840, 7867, 7913, 7928, 7897, 7815, 7729, 8704, 8593,
[24] 8274, 8331, 8354, 8404, 8478, 8494, 8485, 8494, 8490, 8386, 8407, 8446, 8447, 8418, 8343, 8254, 8186, 8070,
[25] 8257, 8311, 8329, 8386, 8460, 8474, 8466, 8486, 8489, 7966, 7983, 8023, 8019, 7977, 8433, 8350, 8276, 8168,
[26] 7829, 7856, 7862, 7916, 7984, 8004, 7997, 8020, 8026, 8464, 8482, 8521, 8519, 8477, 8408, 8321, 8258, 8156,
[27] 7861, 7852, 7877, 7930, 7991, 8012, 8033, 8049, 8059, 8370, 8377, 8440, 8429, 8401, 8329, 8250, 8191, 8081,
[28] 7918, 7922, 7906, 7939, 7930, 8000, 7924, 7922, 7963, 8210, 8267, 7838, 8084, 7825, 7979, 8087, 8070, 8082,
[29] 8045, 8050, 8035, 8076, 8088, 8094, 8101, 8108, 8104, 8307, 8233, 8277, 8326, 8241, 8238, 8205, 8188, 8187,
[30] 8511, 8512, 8500, 8503, 8530, 8548, 8562, 8571, 8574, 8632, 8641, 8141, 8141, 8617, 8588, 8528, 8501, 8504,
[31] 8215, 8154, 8140, 8125, 8119, 8121, 8057, 8152, 8190, 8070, 8098, 8133, 8105, 8050, 8005, 7960, 7966, 8027,
/proc/touchpanel/debug_info/data_limit
Not support limit_data proc node
/proc/touchpanel/debug_info/reserve
Not support main_register proc node
Time : 2023-03-23-18-11-55
/proc/touchpanel/debug_info/main_register
es_enable:0
touch_count:0
/proc/touchpanel/debug_info/self_delta
Not support self_delta proc node
/proc/touchpanel/debug_info/delta
diff_data:
[ 0]    3,    0,   -4,    1,    3,    3,    3,   -5,   -5,    3,    0,   -4,   -2,    1,    4,    4,    3,    3,
[ 1]    3,    1,    1,    3,    3,    0,    9,   -8,   -8,   -2,    0,    1,    3,   -4,    0,   -4,   -7,   -4,
[ 2]   -2,   -5,    3,    4,   -4,   -4,    7,    1,   -5,    0,   -5,   12,    9,   -4,    6,    4,    1,   -5,
[ 3]    0,   -5,    1,    4,   -5,   -2,   -2,   -5,    4,    6,    1,   -4,    1,    4,    0,    3,  -13,   -8,
[ 4]    3,    4,    3,    6,   -2,    0,    1,   -5,   -4,    4,    1,    1,   -4,   -4,   -5,  -10,   -8,   -8,
[ 5]    3,    0,   -8,   -2,   -2,    1,    0,   -4,    0,    6,  -13,  -13,    1,   -4,    0,   -5,  -11,  -17,
[ 6]   -5,    4,    3,   -5,   -4,    4,   -4,    1,   -8,    3,   -5,    4,   -5,   -4,   -8,  -16,  -17,  -33,
[ 7]    1,    1,    6,   -2,    3,   -4,   -2,  -11,   -8,   -4,    0,   10,    3,    1,    0,  -10,  -13,  -22,
[ 8]    4,    3,    0,    4,   -5,    6,   -4,   -4,   -4,    3,    0,  -10,   -5,   -2,   -2,    4,  -13,  -17,
[ 9]    6,    0,    1,    6,    1,    0,    1,   -4,   -5,   -8,   -7,   -2,   -5,   -7,   -2,   -7,  -13,  -11,
[10]    6,    7,    9,    7,   -2,   -2,   -5,  -14,   -5,   -4,   -8,  -10,  -11,   -7,  -11,  -10,   -8,   -4,
[11]    1,   -2,    1,   -2,   -4,    1,    7,   -8,   -8,   -7,   -4,    1,    0,   -8,   -2,    3,   -4,   -4,
[12]   -2,    1,    0,   -2,   -5,    4,    3,   -2,    1,   -2,   -2,   -3,   -8,    4,   -2,   -8,   -9,   -2,
[13]   -5,    2,    0,   -6,   -2,    0,    4,   -3,    0,    0,   -8,    1,   -3,   -6,   -2,   -5,   -5,    5,
[14]    2,   -3,   -6,   -3,   -8,   -3,    1,    2,   -3,    5,    0,   -2,   -3,    2,   -3,    1,    1,   -5,
[15]  -11,    4,   -8,    4,   -3,   10,   -9,   -3,    2,   -2,    1,    0,   -6,    0,   -3,   -2,    0,    0,
[16]    0,   -5,   -2,    4,    1,    0,   -5,    1,   -8,    2,    2,    1,   -6,    0,    2,    4,    7,   -2,
[17]   -2,    0,   -2,   10,   -5,   -3,    5,   -3,   -3,   -3,   -3,    4,   -5,   -5,    4,    4,   -3,    1,
[18]   -2,    2,    2,    0,   -5,    1,    0,    1,   -6,    1,  -18,    2,   -2,    0,   -8,   -5,  -12,   -3,
[19]   -9,    0,    1,    2,    4,    1,    2,   -8,   -2,   -3,    0,   -2,   -2,   -5,    2,   -3,   -5,   -3,
[20]  -14,   -3,   -6,   -6,   -6,   -5,    7,    0,   -2,   -8,  -11,   -9,    2,   -5,   -5,    1,   -3,  -11,
[21]  -19,   -8,   -6,   -5,   -6,    0,   -5,   -3,    1,    0,   -5,   -5,   -6,   -3,    0,   -3,   -9,    4,
[22]  -19,  -11,    0,  -11,    0,    1,   -3,   -3,   -3,   -3,    5,  -11,   -6,    0,    2,   -5,   -8,   -5,
[23]  -22,   -5,   -6,  -11,   -5,   -6,    2,    1,   -2,    0,    0,    0,   -5,    0,    1,   -6,   -2,  -12,
[24]  -11,  -11,   -5,    1,   -6,    0,   -6,   -5,   -6,    4,   -5,    1,   -8,    4,    2,    5,   -8,   -6,
[25]    0,   -9,    1,   -8,   -8,   -2,    2,   -6,    2,   -2,    0,    0,    4,   -5,   -5,   -8,  -16,   -6,
[26]   -3,    2,   -3,   -2,   -5,   -5,   -2,   -2,   -3,    2,   -6,   -2,   -8,   -2,    0,    5,   -9,    1,
[27]   -2,    2,    0,    1,   -3,   -5,   -3,    1,  -13,    4,   -5,  -11,   -6,    4,   -8,    0,  -11,   -5,
[28]    4,   -3,    0,   -9,    0,   -3,   -2,   -5,    0,    4,    9,    2,    2,    2,    5,   -2,  -12,   -5,
[29]    1,   -2,   -5,   -5,   -8,    1,    4,    1,   -5,   -9,   -2,   -2,   -5,   -6,    2,   -2,   -5,   -6,
[30]    1,   -6,   -2,    0,   -5,    1,    0,    2,   -5,   -5,   -3,    0,    0,    4,   -2,   -5,   -3,   -3,
[31]    0,    5,    2,    0,    0,   -2,    1,    1,   -2,    2,    0,    0,   -2,    0,   -2,    2,   -8,    1,
/proc/touchpanel/debug_info/self_raw
Not support self_raw proc node
/proc/touchpanel/debug_info/baseline
raw_data:
[ 0] 8445, 8065, 8528, 8230, 7880, 7888, 7802, 7810, 7801, 8374, 8148, 8231, 8270, 8351, 8219, 8093, 7984, 7918,
[ 1] 8204, 8229, 8325, 7984, 8093, 8012, 8013, 7972, 8349, 8353, 8333, 8416, 8459, 8457, 8301, 8194, 8078, 8021,
[ 2] 8595, 8148, 8218, 8326, 7953, 7934, 7899, 8375, 8362, 8257, 8241, 8318, 8360, 8362, 8192, 8094, 7996, 7970,
[ 3] 8152, 8190, 8263, 8350, 7979, 7960, 8437, 8405, 8393, 8597, 8585, 8154, 8194, 8211, 8549, 8446, 8352, 8333,
[ 4] 8094, 8140, 8205, 8300, 7930, 7912, 8382, 8360, 8340, 8290, 8272, 8356, 8393, 8412, 8246, 8132, 8048, 8020,
[ 5] 8150, 8193, 8261, 7849, 7979, 7960, 7931, 7902, 7886, 8145, 8132, 8218, 8255, 8270, 8094, 7997, 7904, 7877,
[ 6] 8649, 8697, 8270, 7838, 7972, 7968, 7943, 7906, 7892, 8152, 8137, 8219, 8252, 8256, 8097, 8004, 7899, 7858,
[ 7] 8344, 7888, 7947, 8038, 8164, 8152, 8126, 8098, 8090, 8209, 8202, 8274, 8309, 8310, 8163, 8072, 7970, 7932,
[ 8] 8160, 8216, 8276, 8348, 7965, 7965, 8434, 8410, 8403, 8093, 8089, 8169, 8208, 8202, 8062, 7979, 7874, 8348,
[ 9] 8134, 8192, 8256, 8325, 7927, 7931, 7885, 8374, 8360, 7866, 7862, 7939, 7987, 7993, 7853, 8273, 8174, 8113,
[10] 8513, 8580, 8637, 8200, 7811, 7798, 8250, 8237, 8217, 8423, 8420, 8500, 8544, 8553, 8423, 8354, 8240, 8183,
[11] 8056, 8120, 8175, 8239, 8345, 8333, 8282, 8261, 8247, 8109, 8111, 8193, 8237, 8251, 8113, 8054, 7936, 7869,
[12] 8536, 8618, 8683, 8244, 7835, 7818, 7763, 7738, 7730, 7944, 7949, 8028, 8082, 8084, 7962, 8426, 8322, 8224,
[13] 8420, 7974, 8043, 8103, 8198, 8192, 8137, 8102, 8080, 8114, 8119, 8198, 8243, 8257, 8132, 8079, 7978, 7882,
[14] 7895, 7958, 8017, 8069, 8163, 8154, 8093, 8065, 8038, 8030, 8043, 8117, 8163, 8172, 8046, 8004, 8437, 8348,
[15] 8515, 8582, 8625, 8686, 7753, 7746, 8204, 8676, 8649, 8041, 8050, 8126, 8159, 8172, 8058, 8009, 7927, 7830,
[16] 8411, 8472, 8515, 8573, 8149, 8142, 8584, 8567, 8541, 8363, 8382, 8449, 8483, 8492, 8376, 8333, 8241, 8142,
[17] 8455, 8512, 8551, 8614, 8188, 8184, 8624, 8603, 8581, 7978, 8002, 8069, 8102, 8102, 8003, 7942, 8381, 8279,
[18] 7982, 8048, 8083, 8139, 8214, 8203, 8153, 8138, 8117, 8312, 7804, 7874, 7906, 7894, 8326, 8265, 8176, 8571,
[19] 8524, 8590, 8630, 8679, 7735, 7731, 8704, 8696, 8676, 7882, 7906, 7971, 8005, 7987, 7897, 7835, 8271, 8164,
[20] 8345, 7898, 7932, 7994, 8050, 8051, 8007, 8003, 7984, 7891, 7916, 7977, 8012, 7986, 7908, 7824, 8251, 8679,
[21] 7948, 8006, 8038, 8093, 8153, 8151, 8111, 8108, 8100, 8275, 8292, 8360, 8391, 8362, 8269, 8178, 8114, 8007,
[22] 8320, 8375, 8401, 8467, 8527, 8538, 8498, 8499, 8486, 8266, 8291, 8345, 8372, 8342, 8258, 8167, 8094, 7988,
[23] 8310, 8365, 8381, 8440, 8505, 8523, 8498, 8503, 8497, 7856, 7883, 7932, 7940, 7912, 7826, 7741, 8715, 8591,
[24] 8292, 8342, 8360, 8409, 8490, 8497, 8488, 8502, 8491, 8402, 8424, 8460, 7929, 8430, 8349, 8261, 8194, 8078,
[25] 8271, 8317, 8329, 8391, 8464, 8480, 8478, 8495, 8488, 7981, 7998, 8035, 8031, 7993, 7913, 8363, 8288, 8168,
[26] 7863, 7858, 7870, 7929, 7989, 8007, 8007, 8033, 8029, 8485, 8498, 8538, 8538, 8493, 8424, 8341, 8263, 8160,
[27] 7917, 7863, 7885, 7946, 8000, 8025, 8046, 8064, 8067, 8384, 8392, 8457, 8456, 8416, 8339, 8260, 8201, 8087,
[28] 7947, 7924, 7910, 7949, 7938, 8015, 7934, 7936, 7974, 8220, 7761, 7858, 8109, 7841, 7990, 8090, 8083, 8097,
[29] 8076, 8058, 8039, 8080, 8102, 8105, 8107, 8116, 8109, 8322, 8247, 8300, 8339, 8253, 8247, 8211, 8192, 8197,
[30] 8535, 8523, 8506, 8522, 8553, 8564, 8575, 8585, 8578, 8113, 8660, 8157, 8155, 8626, 8598, 8533, 8505, 8501,
[31] 8241, 8179, 8158, 8152, 8160, 8196, 8179, 8179, 8140, 8004, 8062, 8134, 8131, 8106, 8091, 8047, 7988, 8014,
/proc/touchpanel/debug_info/data_limit
Not support limit_data proc node
/proc/touchpanel/debug_info/reserve
Not support main_register proc node
Time : 2023-03-24-11-06-19
/proc/touchpanel/debug_info/main_register
es_enable:0
touch_count:0
/proc/touchpanel/debug_info/self_delta
Not support self_delta proc node
/proc/touchpanel/debug_info/delta
diff_data:
[ 0]    0,   -4,  -10,   -7,   -5,   -2,    0,   -2,    1,   -2,   -7,    1,   -2,    1,   -5,   -2,   -8,  -10,
[ 1]    1,   -4,    1,    1,    1,    1,    0,    6,    1,   -2,   -2,    4,    1,    0,   -5,   -4,   -2,    7,
[ 2]    0,    7,   -4,   -2,   -7,    4,    0,    1,    1,  -13,   -4,   -8,   -2,   -2,   -2,    0,   -5,   -2,
[ 3]   -4,    1,    3,    3,    1,    1,    1,    9,   -7,   -4,   -4,    0,   -4,    4,   -7,  -10,   -5,   -2,
[ 4]    4,    4,   -2,    0,    7,   -4,    7,    6,    0,   -5,    4,   -4,    1,    7,   -5,   -4,    0,    0,
[ 5]    9,    4,   -2,    0,    0,   -8,   -2,   -5,   -2,    3,    1,    6,   -4,    3,    0,   -7,   -4,   -4,
[ 6]   -8,    1,   -2,    3,    0,   -2,   -4,   -2,   -8,   -4,    4,    3,    0,    1,    0,    4,   -7,  -10,
[ 7]    3,    3,   -4,   -7,   -2,   -2,    1,   -5,   -2,   -4,    3,    1,    0,   -2,    0,   -8,   -4,    3,
[ 8]   -2,   -5,   -7,    3,   -7,    3,    1,    4,   -4,   -2,    0,   -2,   -5,    0,    0,    1,    1,    0,
[ 9]   -4,    3,    4,   -5,    3,    0,    7,    1,    4,    3,   -2,   -5,    3,   -7,    1,   -4,    1,   -4,
[10]    1,    0,    0,   -4,    3,    6,    3,    3,    7,   -2,   -4,    0,    0,    0,  -10,   -7,    7,    0,
[11]    3,   -5,   -7,    0,    3,   -2,    3,   -7,   -4,    1,    7,    1,    4,   -5,    4,    1,   -2,   -2,
[12]    1,   -9,    0,   -3,   -5,   -2,    3,   -3,   -8,  -11,    0,    3,   -3,   -2,   -9,    0,   -8,    0,
[13]   -5,   -3,    0,   -3,    0,   10,   -5,    4,    1,   -6,   -2,   -3,    0,    2,   -2,    2,    4,    4,
[14]    2,    4,   -3,   -3,    2,    2,   -2,   -2,   -2,   -2,    4,   -6,    1,   -2,    4,    5,    5,   -2,
[15]   -2,    0,    4,    2,   -9,   -3,    1,    2,   -5,    0,   -3,    4,    1,    5,    0,    2,    8,    0,
[16]    1,   -3,    0,   -5,   -2,   -6,    4,   -2,    0,   -2,    0,   -5,   -9,    2,    0,   -8,    1,   -5,
[17]    1,   -5,   -5,   -6,    2,    7,    4,   -3,   -5,   -2,    5,   -9,   -3,    2,    5,    0,   -6,   -6,
[18]    4,    1,   -6,    4,    1,   -2,   -5,   -3,   -3,    4,    2,    1,   -3,    2,    4,    4,   -5,   -3,
[19]    8,    2,   -5,   -3,    7,    2,    4,    5,    0,   -2,    0,    2,    1,    1,   -9,   -2,   -3,   -2,
[20]   -8,   -5,   -5,    2,    4,    2,    5,    2,    0,   -3,   -3,   -3,   -6,    0,   -5,   -8,   -3,  -11,
[21]   -6,    5,  -12,   -6,   -5,   -2,    4,    0,    1,   -3,   -5,   -6,   -6,   -2,    8,    1,    4,   -3,
[22]   11,    1,   -3,   -8,   -2,    0,   -6,    1,   -5,   -5,   -2,   -3,    2,    1,    7,   -5,    2,   -5,
[23]    0,    2,    1,    1,   -6,   -5,    1,   -3,    0,   -5,   -5,   -8,   -9,    4,    2,   -9,    1,   -3,
[24]    5,   -2,   -3,    0,    0,    2,   -2,   -3,   -3,   -3,   -6,   -2,    4,   -3,   -2,   -5,   -8,  -12,
[25]   -6,    2,   -3,    0,    2,   -5,    4,   -3,    0,   -6,   -3,    8,    4,   -6,    4,   -3,    0,    0,
[26]   -2,    2,   -8,  -11,   -5,   -2,    0,    1,    4,   -2,    0,    5,    2,    2,    4,    0,   -3,    5,
[27]    1,   -5,    0,    4,    2,    4,    0,    0,   -3,    4,    7,    4,   -2,    5,   -2,    1,    1,   -3,
[28]    2,    0,   -6,   -6,   -2,    1,   -3,    0,    2,   -6,   -6,   -2,    0,   -6,    0,   -9,   -5,  -10,
[29]    0,   -5,    0,    2,    2,   -3,    1,    1,   -3,   -5,    4,   -5,    7,   -8,    2,    0,    5,   -2,
[30]    0,    8,   -2,    2,    1,    0,    1,   -2,    5,   -2,    5,    2,   -9,    4,    5,    4,    1,   -6,
[31]    0,   -2,   -6,    5,    8,   -2,    0,    1,    1,    0,    0,   -8,   -5,  -12,   -5,    0,   -2,    1,
/proc/touchpanel/debug_info/self_raw
Not support self_raw proc node
/proc/touchpanel/debug_info/baseline
raw_data:
[ 0] 8440, 8063, 8531, 8229, 7882, 7890, 7804, 7811, 7801, 8373, 8145, 8229, 8278, 8351, 8215, 8081, 7975, 7907,
[ 1] 8194, 8225, 8328, 7991, 8100, 8016, 8017, 7979, 8352, 8349, 8333, 8417, 8454, 8447, 8302, 8187, 8071, 8013,
[ 2] 8589, 8144, 8222, 8325, 7958, 7941, 7905, 7870, 7864, 8258, 8238, 8318, 8351, 8362, 8184, 8083, 7992, 7960,
[ 3] 8149, 8186, 8260, 8350, 7978, 7967, 7934, 8404, 8399, 8592, 8580, 8153, 8194, 8206, 8541, 8436, 8348, 8316,
[ 4] 8081, 8135, 8204, 8298, 7927, 7917, 8385, 8358, 8344, 8290, 8273, 8355, 8389, 8407, 8239, 8132, 8040, 8014,
[ 5] 8631, 8176, 8259, 7844, 7975, 7955, 7928, 7902, 7892, 8142, 8130, 8214, 8248, 8262, 8087, 7989, 7899, 7865,
[ 6] 8612, 8674, 8257, 7831, 7964, 7963, 7938, 7904, 7895, 8142, 8129, 8212, 8238, 8245, 8090, 7991, 7891, 7854,
[ 7] 8286, 7860, 7937, 8029, 8164, 8155, 8132, 8105, 8095, 8209, 8200, 8271, 8307, 8303, 8161, 8066, 7965, 7930,
[ 8] 8091, 8185, 8262, 8350, 7966, 7970, 8444, 8422, 8420, 8099, 8093, 8163, 8206, 8201, 8066, 7971, 7864, 8342,
[ 9] 8080, 8167, 8246, 8321, 7938, 7948, 7909, 7885, 8380, 7883, 7876, 7949, 7993, 7991, 8353, 8270, 8164, 8108,
[10] 8477, 8559, 8633, 8203, 7816, 7820, 7780, 7763, 8249, 8449, 8447, 8527, 8561, 8568, 8429, 8349, 8237, 8173,
[11] 8035, 8115, 8181, 8253, 8363, 8360, 8318, 8297, 8287, 8144, 8143, 8219, 8260, 8265, 8129, 8046, 7927, 7859,
[12] 8527, 8620, 8693, 7747, 7864, 7855, 7808, 7787, 7777, 7984, 7988, 8069, 8108, 8108, 8506, 8435, 8321, 8224,
[13] 8421, 7979, 8055, 8130, 8232, 8233, 8176, 8147, 8136, 8157, 8164, 8238, 8280, 8283, 8152, 8094, 7980, 7885,
[14] 7896, 7967, 8036, 8094, 8199, 8191, 8148, 8117, 8098, 8077, 8095, 8160, 8200, 8207, 8081, 8019, 8446, 8351,
[15] 8515, 8586, 8642, 8712, 7792, 7786, 8253, 8728, 8706, 8088, 8094, 8159, 8206, 8201, 8082, 8023, 7930, 7826,
[16] 8406, 8476, 8534, 8597, 8180, 8189, 8628, 8618, 8592, 8403, 8413, 8483, 8518, 8520, 8405, 8339, 8242, 8133,
[17] 8446, 8519, 8570, 8636, 8217, 8220, 8668, 8646, 8631, 8021, 8045, 8102, 8134, 8130, 8021, 7954, 8382, 8262,
[18] 7969, 8052, 8098, 8161, 8236, 8240, 8191, 8175, 8154, 8350, 8371, 7903, 7938, 7919, 8346, 8270, 8172, 8556,
[19] 8514, 8595, 8638, 8698, 7754, 7751, 8729, 8719, 8704, 7909, 7933, 7985, 8023, 7994, 7907, 7832, 8255, 8641,
[20] 8339, 7900, 7943, 8002, 8060, 8066, 8025, 8019, 8012, 7910, 7935, 7988, 8025, 7998, 7906, 7819, 8246, 8654,
[21] 7944, 8006, 8039, 8098, 8162, 8162, 8124, 8120, 8121, 8285, 8304, 8362, 8387, 8353, 8275, 8177, 8105, 7993,
[22] 8321, 8377, 8406, 8463, 8527, 8540, 8503, 8503, 8495, 8262, 8298, 8348, 8366, 8337, 8257, 8161, 8080, 7980,
[23] 8315, 8365, 8382, 8440, 8510, 8525, 8501, 8502, 8503, 7854, 7884, 7928, 7939, 7906, 7819, 7734, 8709, 8597,
[24] 8292, 8337, 8361, 8415, 8492, 8506, 8495, 8506, 8504, 8405, 8422, 7925, 8457, 8428, 8347, 8254, 8178, 8078,
[25] 8277, 8321, 8337, 8395, 8466, 8485, 8482, 8505, 8502, 7985, 8003, 8043, 8030, 7986, 7911, 8353, 8283, 8167,
[26] 7868, 7859, 7868, 7932, 7990, 8011, 8010, 8038, 8039, 8482, 8499, 8545, 8539, 8492, 8419, 8330, 8253, 8160,
[27] 7918, 7863, 7888, 7950, 8004, 8031, 8049, 8070, 8078, 8386, 8402, 8461, 8450, 8414, 8334, 8262, 8187, 8086,
[28] 7949, 7925, 7913, 7948, 7948, 8017, 7946, 7944, 7988, 8233, 7764, 7865, 8105, 7835, 7989, 8089, 8077, 8087,
[29] 8072, 8056, 8041, 8075, 8101, 8110, 8116, 8128, 8120, 8321, 8251, 8295, 8338, 8250, 8244, 8204, 8186, 8188,
[30] 8533, 8515, 8512, 8522, 8552, 8567, 8583, 8586, 8587, 8105, 8657, 8155, 8150, 8620, 8603, 8529, 8505, 8510,
[31] 8249, 8178, 8173, 8183, 8194, 8215, 8198, 8205, 8211, 8086, 8116, 8149, 8134, 8117, 8095, 8051, 7999, 8034,
/proc/touchpanel/debug_info/data_limit
Not support limit_data proc node
/proc/touchpanel/debug_info/reserve
Not support main_register proc node
